1 -1.01899 1.12373
2 -1.13744 1.0105
3 -1.00133 0.863
4 -0.851587 1.13806
5 -1.13703 1.0357
6 -0.975432 1.06582
7 -0.921946 1.00991
8 -1.02425 1.07475
9 -0.949179 1.07121
10 -1.05434 1.10919
11 -0.996293 1.02123
12 -1.01128 0.957014
13 -0.848602 0.884066
14 -0.855065 0.91283
15 -0.82259 1.00118
16 -0.95082 1.04401
17 -0.814714 1.29587
18 -0.8674 1.19419
19 -0.970215 1.00103
20 -0.907405 1.24001
21 -1.10398 1.10658
22 -1.06145 0.887526
23 -0.961935 0.879824
24 -0.865006 1.2749
25 -0.907168 1.08543
26 -0.869676 0.866043
27 -0.921084 0.869788
28 -1.08274 1.09651
29 -0.932198 0.955093
30 -0.957047 1.1965
31 -0.972554 0.894383
32 -1.07434 1.10977
33 -0.942336 0.770963
34 -0.920505 0.891498
35 -0.793422 0.96085
36 -0.987706 0.887416
37 -0.870313 1.25861
38 -0.78418 1.23647
39 -0.935755 0.993056
40 -0.931656 1.12929
41 -1.09287 1.06802
42 -1.1126 0.930547
43 -0.935373 1.00467
44 -1.00775 1.24839
45 -0.848027 1.02678
46 -0.861297 0.84565
47 -1.06962 0.874087
48 -1.05347 1.02434
49 -0.840577 0.892508
50 -0.936957 1.11003
51 -0.898671 0.821242
52 -1.03894 1.2248
53 -1.01618 0.790802
54 -0.998666 0.916624
55 -0.850945 0.960209
56 -0.90415 1.04217
57 -0.883384 1.19117
58 -0.782284 1.31382
59 -1.05135 0.984189
60 -1.0105 1.11367
61 -1.01382 1.12247
62 -1.0524 0.855714
63 -1.05994 0.963019
64 -1.00155 1.23743
65 -0.906748 1.09047
66 -0.87432 0.786149
67 -0.967361 0.851254
68 -1.09118 1.09495
69 -0.886158 0.918855
70 -0.910923 0.956579
71 -0.794661 0.868345
72 -0.932024 1.19575
73 -0.94176 0.820295
74 -0.813707 0.82346
75 -0.798639 0.996878
76 -1.02506 0.944471
77 -0.910651 1.1692
78 -0.902255 1.3852
79 -0.819971 1.05378
80 -0.999457 1.13736
81 -1.06098 1.12793
82 -1.06967 0.982239
83 -1.02506 0.91763
84 -1.13876 1.07998
85 -0.973018 1.10077
86 -0.952062 0.834974
87 -0.951379 1.16999
88 -1.02628 1.0505
89 -0.951244 0.904844
90 -0.88683 0.831336
91 -0.867158 0.850081
92 -0.872511 1.13186
93 -0.830714 0.744342
94 -0.941989 0.88134
95 -0.830003 1.05771
96 -1.07971 0.873458
97 -0.896671 1.20414
98 -0.95992 1.36441
99 -0.815502 1.04052
100 -1.01161 1.16891
101 -0.958945 1.09005
102 -1.17817 0.97284
103 -1.02436 0.935188
104 -0.939141 1.18535
105 -1.13944 1.04287
106 -0.985416 1.03021
107 -0.897765 1.07154
108 -0.992236 1.07121
109 -0.90809 1.07515
110 -1.12797 1.13217
111 -1.05252 1.02737
112 -1.05597 0.954886
113 -0.916822 0.91091
114 -0.948736 0.870347
115 -0.913923 0.953287
116 -0.879814 1.02475
117 -0.930361 1.27337
118 -1.13539 1.14073
119 -0.985448 1.01814
120 -0.883152 1.04477
121 -0.987151 1.10259
122 -1.00392 0.980671
123 -0.959052 0.850989
124 -0.847514 1.37707
125 -0.917143 1.03059
126 -1.04752 0.911544
127 -0.955993 0.874054
128 -1.02323 1.1233
129 -0.915353 0.883461
130 -1.00983 1.22068
131 -0.992948 0.942956
132 -1.02775 1.14981
133 -0.92471 0.797382
134 -0.95493 0.832007
135 -0.754895 0.894989
136 -0.895963 0.945355
137 -0.895242 1.13177
138 -0.800541 1.26328
139 -1.04632 0.996535
140 -0.8416 1.12903
141 -1.03445 1.01997
142 -0.997098 0.909667
143 -1.05502 0.938572
144 -0.979092 1.32144
145 -0.900358 1.07406
146 -0.841431 0.900174
147 -0.985181 0.88044
148 -1.05176 1.13163
149 -0.81723 0.845447
150 -0.941622 1.07437
151 -0.900184 0.826105
152 -1.01084 1.28408
153 -0.989292 0.825632
154 -0.927073 0.922467
155 -0.819076 0.987673
156 -0.872943 1.03064
157 -0.921286 1.20859
158 -0.86468 1.29839
159 -1.01525 0.970089
160 -0.990839 1.17136
161 -0.905299 1.12456
162 -1.00706 0.910091
163 -1.1244 0.905728
164 -0.967868 1.21947
165 -0.876377 1.07876
166 -0.939907 0.844727
167 -1.02578 0.93144
168 -1.10528 1.10963
169 -0.836635 0.936009
170 -0.943068 0.992369
171 -0.81678 0.921069
172 -0.955808 1.26254
173 -0.935848 0.747783
174 -0.887094 0.846511
175 -0.869855 0.99774
176 -0.929517 1.00212
177 -0.973516 1.1213
178 -0.861129 1.34635
179 -0.842808 1.04981
180 -1.09635 1.12505
181 -1.02675 1.07786
182 -1.10964 0.947155
183 -1.10918 0.990415
184 -1.21332 1.12138
185 -0.906488 1.09191
186 -0.821802 0.834777
187 -0.903649 1.05599
188 -0.960153 1.0597
189 -1.01749 0.86485
190 -0.946042 0.824603
191 -0.931533 0.765535
192 -0.897786 1.14941
193 -0.81481 0.765999
194 -0.878304 0.839893
195 -0.80871 1.03895
196 -1.01967 0.862127
197 -0.968903 1.13511
198 -0.972256 1.25933
199 -0.933435 1.04205
200 -0.963584 1.07356
201 -0.896017 0.988086
202 -1.19437 0.946436
203 -0.975212 0.945638
204 -0.95481 1.22015
205 -1.01913 1.00382
206 -0.968054 1.10745
207 -0.902689 1.15092
208 -1.03471 1.1241
209 -0.925888 1.02449
210 -1.28026 1.13658
211 -1.01274 1.16073
212 -1.14958 0.906221
213 -0.87281 0.956208
214 -0.923053 1.02333
215 -0.871695 0.977396
216 -0.853776 0.935649
217 -1.11517 1.15731
218 -1.01087 1.15762
219 -0.903576 0.976334
220 -0.943277 0.958602
221 -1.15278 1.05689
222 -1.02083 1.02179
223 -0.945504 0.875608
224 -0.939962 1.34565
225 -0.887614 1.00969
226 -0.94993 1.04736
227 -0.963613 0.89997
228 -1.09001 1.16389
229 -0.866682 0.981111
230 -1.08278 1.16916
231 -0.910467 0.842177
232 -1.0308 1.14352
233 -0.965508 0.932282
234 -0.974843 0.88568
235 -0.806981 0.881268
236 -0.772357 1.08514
237 -0.973697 1.06855
238 -0.927142 1.33785
239 -1.0821 0.991964
240 -0.915792 1.12502
241 -0.994607 0.977388
242 -1.00033 1.01697
243 -1.03151 0.945283
244 -0.906439 1.27055
245 -1.00266 1.02949
246 -0.985628 0.931238
247 -1.02299 0.894707
248 -1.07949 1.16573
249 -0.864904 0.816948
250 -1.03714 1.13725
251 -0.837712 0.940741
252 -0.941003 1.28274
253 -0.963833 0.979893
254 -0.914428 0.887045
255 -0.813208 0.918101
256 -0.886322 1.01733
257 -0.959877 1.02507
258 -0.925612 1.23614
259 -0.968466 0.971005
260 -0.848627 1.22195
261 -0.96016 0.948228
262 -0.930161 0.966509
263 -0.998557 0.885274
264 -1.01246 1.12127
265 -0.831263 1.0433
266 -0.925468 0.879579
267 -1.06398 1.07269
268 -1.10213 1.0517
269 -0.890592 0.934644
270 -0.944513 1.04933
271 -0.834077 0.885477
272 -0.852604 1.17873
273 -0.97164 0.856291
274 -0.890238 0.818794
275 -0.837078 0.974238
276 -1.05573 0.958095
277 -1.01345 1.01768
278 -0.830928 1.28991
279 -0.937167 0.894161
280 -0.94825 1.12636
281 -1.01133 0.963508
282 -1.00411 1.01726
283 -1.14924 1.02402
284 -1.18604 1.03542
285 -0.918422 1.14179
286 -0.911247 0.78375
287 -0.963529 0.861352
288 -0.981804 0.991836
289 -0.922742 0.900171
290 -0.991704 0.914028
291 -0.868492 0.834411
292 -0.95886 1.11054
293 -0.866247 0.860787
294 -0.965145 0.861938
295 -0.846203 0.999046
296 -0.862063 1.05242
297 -0.998321 1.00691
298 -0.881536 1.14308
299 -0.854053 0.901658
300 -0.878616 1.17111
301 -0.89427 1.02797
302 -1.1697 0.953249
303 -1.04585 1.00356
304 -0.957862 1.30211
305 -0.921118 1.13273
306 -1.08669 0.925543
307 -0.953573 1.03948
308 -1.07531 1.09789
309 -1.05952 0.961135
310 -1.1376 1.1552
311 -0.914003 1.01517
312 -1.2161 0.98168
313 -0.890344 0.90528
314 -0.998563 0.94984
315 -0.877674 0.897935
316 -0.892186 0.953515
317 -1.17828 0.912995
318 -0.858896 1.27053
319 -0.901232 0.930414
320 -0.835283 0.915958
321 -0.979702 0.952359
322 -1.06186 0.978583
323 -0.973775 0.988874
324 -1.02005 1.44142
325 -0.941239 1.06746
326 -1.13829 0.993982
327 -0.889904 1.01916
328 -1.0193 1.24155
329 -0.921213 0.828269
330 -1.12749 1.16546
331 -0.944524 0.858502
332 -1.08638 1.12025
333 -0.950097 0.976853
334 -0.94456 0.860049
335 -0.82036 0.883932
336 -0.833963 1.05929
337 -0.946153 1.02045
338 -0.937806 1.16205
339 -1.03793 1.00246
340 -0.98053 1.20934
341 -1.02544 1.00236
342 -0.965298 1.05122
343 -1.12679 0.929738
344 -0.954291 1.34154
345 -0.992865 0.990712
346 -1.07866 0.986947
347 -0.944356 0.915512
348 -1.07828 1.28658
349 -0.912129 0.90574
350 -1.14205 1.15238
351 -0.841389 0.842736
352 -0.972498 1.17625
353 -0.974689 1.0687
354 -1.05277 0.94715
355 -0.796389 0.913322
356 -0.963655 0.986739
357 -0.993978 1.15202
358 -0.881771 1.28925
359 -0.93721 1.03642
360 -0.953604 1.25938
361 -0.937864 1.08172
362 -1.00841 0.927349
363 -1.14737 1.0161
364 -0.99664 1.24064
365 -0.879575 0.926508
366 -0.99861 0.953657
367 -0.95849 0.909165
368 -1.03976 1.07562
369 -0.911548 0.873999
370 -1.1036 1.12363
371 -0.868213 0.911258
372 -0.896638 1.03575
373 -0.982525 1.00146
374 -1.01186 1.01805
375 -0.802747 0.947741
376 -0.950317 0.94235
377 -1.08892 0.954159
378 -0.892065 1.22465
379 -0.96761 0.894183
380 -0.881912 1.12005
381 -1.02517 1.00255
382 -1.08789 0.926056
383 -1.10358 1.00903
384 -1.11566 1.05843
385 -0.927361 0.898834
386 -0.944013 0.835048
387 -1.06803 0.893477
388 -0.978254 0.868696
389 -1.00231 0.85557
390 -1.10697 1.05894
391 -0.880311 0.898134
392 -0.863316 1.04712
393 -0.963966 0.956714
394 -1.05719 0.889345
395 -0.833834 0.956472
396 -0.938129 0.960435
397 -1.08621 0.850894
398 -0.873151 1.20319
399 -0.939804 0.905306
400 -0.815623 1.02168
401 -1.01953 0.953389
402 -1.25933 1.04464
403 -1.11125 1.01528
404 -0.941951 1.43014
405 -0.912935 1.16249
406 -1.0884 0.948888
407 -0.832759 1.01723
408 -1.128 1.07811
409 -1.02968 0.905963
410 -1.22425 1.23496
411 -1.0104 0.952549
412 -1.24859 1.04823
413 -0.864102 0.935718
414 -1.07328 0.978279
415 -1.13748 1.0709
416 -0.995272 0.981273
417 -1.117 0.949791
418 -0.821938 1.06529
419 -0.958726 1.05444
420 -0.91656 0.994894
421 -1.12882 1.07707
422 -1.08139 1.0316
423 -1.0445 1.06196
424 -1.16813 1.44924
425 -0.927281 1.10996
426 -1.05736 0.909653
427 -0.899638 1.10643
428 -1.12616 1.04132
429 -0.997065 0.918697
430 -1.18013 1.22512
431 -1.10869 1.00079
432 -1.23102 1.04853
433 -1.07451 0.997043
434 -1.16285 0.919935
435 -1.15265 1.08521
436 -1.02774 0.995203
437 -1.02907 0.877826
438 -0.987428 1.06404
439 -0.974269 1.05069
440 -0.905634 0.979778
441 -0.985906 0.939722
442 -1.00344 1.09552
443 -1.12343 1.07887
444 -1.14716 1.28824
445 -1.04376 1.03928
446 -1.02862 0.888851
447 -0.996631 1.04287
448 -1.08834 1.0525
449 -1.04148 1.10527
450 -1.10091 1.12321
451 -1.02192 0.973322
452 -1.06348 0.976806
453 -1.13297 0.905133
454 -1.15777 0.933695
455 -0.916597 0.986191
456 -1.0097 0.975869
457 -1.03553 0.804631
458 -0.863316 1.01201
459 -1.00934 0.953526
460 -0.842253 1.04239
